Shapes:
Python: (21, 501)
MATLAB: (21, 501)
Python: (-7.137892605940087-2.7050683704949024e-15j), MATLAB: (-7.137892597717783-1.7243454982083986e-15j)
